10.00
90.71
171.41
252.12
332.83
413.54
494.24
574.95
655.66
736.36
817.07
897.78
978.48
1059.19
1139.90
1220.61
1301.31
1382.02
1462.73
1543.43
1624.14
1704.85
1785.56
1866.26
1946.97
2027.68
2108.38
2189.09
2269.80
2350.51
2431.21
2511.92
2592.63
2673.33
2754.04
2834.75
2915.45
2996.16
3076.87
3157.58
3238.28
3318.99
3399.70
3480.40
3561.11
3641.82
3722.53
3803.23
3883.94
3964.65
4045.35
4126.06
4206.77
4287.47
4368.18
4448.89
4529.60
4610.30
4691.01
4771.72
4852.42
4933.13
5013.84
5094.55
5175.25
5255.96
5336.67
5417.37
5498.08
5578.79
5659.49
5740.20
5820.91
5901.62
5982.32
6063.03
6143.74
6224.44
6305.15
6385.86
6466.57
6547.27
6627.98
6708.69
6789.39
6870.10
6950.81
7031.52
7112.22
7192.93
7273.64
7354.34
7435.05
7515.76
7596.46
7677.17
7757.88
7838.59
7919.29
8000.00
