0.00
10.10
20.20
30.30
40.40
50.51
60.61
70.71
80.81
90.91
101.01
111.11
121.21
131.31
141.41
151.52
161.62
171.72
181.82
191.92
202.02
212.12
222.22
232.32
242.42
252.53
262.63
272.73
282.83
292.93
303.03
313.13
323.23
333.33
343.43
353.54
363.64
373.74
383.84
393.94
404.04
414.14
424.24
434.34
444.44
454.55
464.65
474.75
484.85
494.95
505.05
515.15
525.25
535.35
545.45
555.56
565.66
575.76
585.86
595.96
606.06
616.16
626.26
636.36
646.46
656.57
666.67
676.77
686.87
696.97
707.07
717.17
727.27
737.37
747.47
757.58
767.68
777.78
787.88
797.98
808.08
818.18
828.28
838.38
848.48
858.59
868.69
878.79
888.89
898.99
909.09
919.19
929.29
939.39
949.49
959.60
969.70
979.80
989.90
1000.00
