10.00
40.20
70.40
100.61
130.81
161.01
191.21
221.41
251.62
281.82
312.02
342.22
372.42
402.63
432.83
463.03
493.23
523.43
553.64
583.84
614.04
644.24
674.44
704.65
734.85
765.05
795.25
825.45
855.66
885.86
916.06
946.26
976.46
1006.67
1036.87
1067.07
1097.27
1127.47
1157.68
1187.88
1218.08
1248.28
1278.48
1308.69
1338.89
1369.09
1399.29
1429.49
1459.70
1489.90
1520.10
1550.30
1580.51
1610.71
1640.91
1671.11
1701.31
1731.52
1761.72
1791.92
1822.12
1852.32
1882.53
1912.73
1942.93
1973.13
2003.33
2033.54
2063.74
2093.94
2124.14
2154.34
2184.55
2214.75
2244.95
2275.15
2305.35
2335.56
2365.76
2395.96
2426.16
2456.36
2486.57
2516.77
2546.97
2577.17
2607.37
2637.58
2667.78
2697.98
2728.18
2758.38
2788.59
2818.79
2848.99
2879.19
2909.39
2939.60
2969.80
3000.00
